# pga, ZH06 * 0.4 + BA08 * 0.3 +CY08 * 0.3
1.000000000000000368e-02 5.979595488056584085e-02
1.258925411794167663e-02 4.258549158547997315e-02
1.584893192461114125e-02 2.965853539751903828e-02
1.995262314968880915e-02 2.016381525994147272e-02
2.511886431509581866e-02 1.335165772892412360e-02
3.162277660168382604e-02 8.589337422602568231e-03
3.981071705534978272e-02 5.356114935621537204e-03
5.011872336272729656e-02 3.231723117416159842e-03
6.309573444801942765e-02 1.884801998855334566e-03
7.943282347242827668e-02 1.062337571639341552e-03
1.000000000000001998e-01 5.789813143262726976e-04
1.258925411794170335e-01 3.054118373451138809e-04
1.584893192461117040e-01 1.560462463478946285e-04
1.995262314968885009e-01 7.720888904684334306e-05
2.511886431509587347e-01 3.692110955939222630e-05
3.162277660168388849e-01 1.699272003433490284e-05
3.981071705534985350e-01 7.478852398104858438e-06
5.011872336272740203e-01 3.121381975210046628e-06
6.309573444801955810e-01 1.223301480351333462e-06
7.943282347242845987e-01 4.454049428214799601e-07
1.000000000000003997e+00 1.490142043495344048e-07
1.258925411794172611e+00 4.531290362334528604e-08
1.584893192461120703e+00 1.239428592471652578e-08
1.995262314968889061e+00 3.020215925251467955e-09
2.511886431509592565e+00 6.499495137444096491e-10
3.162277660168395954e+00 1.225690759074824911e-10
3.981071705534994010e+00 2.011880589585348539e-11
5.011872336272750417e+00 2.857664364446157120e-12
6.309573444801968023e+00 3.495091839582845179e-13
7.943282347242862862e+00 3.665725869385524354e-14
1.000000000000006395e+01 3.286257454366027932e-15
1.258925411794175275e+01 2.512448965761381943e-16
1.584893192461124123e+01 1.636618462246770412e-17
1.995262314968892881e+01 9.093434340453101281e-19
2.511886431509597983e+01 4.321515279864823237e-20
3.162277660168401283e+01 1.738342895407402677e-21
3.981071705535001826e+01 5.178087062532022176e-23
5.011872336272761430e+01 5.928274354938927212e-25
