lon 166.4416 168.3273
lat -22.2711 -17.7333
depth 0 0
0.005 1.02E-01 9.30E-01
0.0070015 7.86E-02 8.80E-01
0.0098041 6.09E-02 8.08E-01
0.0137286 4.63E-02 7.13E-01
0.019224 3.38E-02 6.03E-01
0.0269192 2.30E-02 4.88E-01
0.0376948 1.43E-02 3.79E-01
0.0527836 7.98E-03 2.82E-01
0.0739125 4.00E-03 2.00E-01
0.1034991 1.83E-03 1.33E-01
0.1449289 7.73E-04 8.26E-02
0.2029427 3.02E-04 4.73E-02
0.2841789 1.07E-04 2.50E-02
0.3979333 3.39E-05 1.21E-02
0.5572227 9.36E-06 5.38E-03
0.7802743 2.11E-06 2.16E-03
1.0926116 3.64E-07 7.78E-04
1.5299748 4.72E-08 2.46E-04
2.1424109 5.08E-09 6.48E-05
3 3.34E-10 1.00E-05
