# pga, ZH06 * 0.4 + BA08 * 0.3 +CY08 * 0.3
1.000000000000000368e-02 1.932484837841284137e-02
1.258925411794167663e-02 1.463795104056588720e-02
1.584893192461114125e-02 1.092274051342231010e-02
1.995262314968880915e-02 8.026068229890595193e-03
2.511886431509581866e-02 5.804929385299293677e-03
3.162277660168382604e-02 4.130218466332364821e-03
3.981071705534978272e-02 2.888860929875207255e-03
5.011872336272729656e-02 1.984576005703003222e-03
6.309573444801942765e-02 1.337521685828008903e-03
7.943282347242827668e-02 8.831019129589294438e-04
1.000000000000001998e-01 5.702385274670726620e-04
1.258925411794170335e-01 3.593955090308295695e-04
1.584893192461117040e-01 2.205869829562574509e-04
1.995262314968885009e-01 1.315239146306155832e-04
2.511886431509587347e-01 7.598177753388436718e-05
3.162277660168388849e-01 4.241658842849423919e-05
3.981071705534985350e-01 2.282255357618429825e-05
5.011872336272740203e-01 1.180821282995827350e-05
6.309573444801955810e-01 5.863372018143391224e-06
7.943282347242845987e-01 2.789721297624179653e-06
1.000000000000003997e+00 1.269912827092559054e-06
1.258925411794172611e+00 5.520411082831688395e-07
1.584893192461120703e+00 2.285359445711365397e-07
1.995262314968889061e+00 8.974996447642654028e-08
2.511886431509592565e+00 3.327416953191847468e-08
3.162277660168395954e+00 1.158440221322992559e-08
3.981071705534994010e+00 3.767792497539354651e-09
5.011872336272750417e+00 1.139555885159103965e-09
6.309573444801968023e+00 3.192434781243389256e-10
7.943282347242862862e+00 8.257708010479272832e-11
1.000000000000006395e+01 1.967098066364837411e-11
1.258925411794175275e+01 4.306327024130912055e-12
1.584893192461124123e+01 8.648587137313842327e-13
1.995262314968892881e+01 1.591115578853116658e-13
2.511886431509597983e+01 2.678113328076931449e-14
3.162277660168401283e+01 4.119559926442485259e-15
3.981071705535001826e+01 5.785610060099523819e-16
5.011872336272761430e+01 7.412283473160330697e-17
